-3.4764725315922136
-2.0501142574307845
-4.9705469626212695
0.04223083009042646
0.22971314260636863
1.492728880930271
0.9371322386565394
-4.206067524715482
0.260023843157639
2.9827318471365807
-4.234946885653704
0.878134376193426
-0.3802417361109892
-0.11376010682567901
0.1073883208871094
-0.46021170778658604
-1.1763150599223515
-0.18350445622576847
3.9731311373856046
-3.491727208793042
1.808202988457114
-2.968987273251727
0.837543380527779
-0.11863304556443072
-0.012145589248781402
3.3806340795454557
-5.104067176637631
2.723047346718761
-1.6838787742780514
-0.26924478923174
0.33274066006970704
1.9613552156914367
0.2299266063581535
-3.5870286261564512
-4.781426651716257
0.4917888203703521
-0.7583369475573228
-1.8882333480792592
0.03277932754673192
2.650561852265832
0.7768674345242504
-4.543513538454515
0.9506758347168441
1.7297735704085093
-1.4532111852425258
-2.7499411399001312
0.7278252900471428
-4.108408817159628
-4.729211481119596
-0.8128117473119633
3.9383708518418286
-2.284542171681538
0.3693032698368813
-1.0839531184476596
