0.4345042276840716
0.7495097008510965
1.1399282776731474
0.974013526340033
0.042879373439243654
1.155758603377246
0.5053558870190407
1.2135844458365526
-1.1735643883151796
-0.15076172746590735
0.1671544296584461
0.18004349647137707
-0.6942713730105406
0.28162004353926345
-0.9321428094466231
0.2357482447276904
0.655207622505723
-1.0195311943906096
0.74930488682574
-0.9411185030836652
0.09366564339325932
-0.4799796489374837
-0.15247482662227804
0.8424100294322054
0.8393745136313145
0.8544340416379332
0.5579874214186632
0.46013446227318394
0.41936381447589555
0.44539733332638265
-0.8601770652611431
0.08439787555427058
0.6482912739585018
0.8176048171346023
-0.18792203976904465
-0.32190527381109285
-1.0590049632997893
0.5110843912295829
0.27328758525197183
-0.8077178150499091
0.3320603709693778
-0.787166179424005
-1.0488241205724214
0.16338609542445443
-0.5762357172657745
0.47748962070569057
-0.5079956209665707
-0.23562318076567412
-0.4104192412105213
0.9739617289484205
-0.6931480410657697
-0.09597238289995828
0.446892363609475
-1.2941721868520544
-1.1515708263145148
-0.3385171885252415
0.7548138849220414
-1.0797423100709544
0.7350439032753657
-0.5489464800552156
-0.6403839606790122
0.361598965253192
-0.326819209179171
0.33262136260954134
0.14834405862278513
0.6699504347102107
-0.4794851772781672
-0.22265200800491175
-0.755817165550275
-0.2817723554469437
-0.13203473968938856
-0.5269670814766616
0.5837247989663741
0.62152389326631
0.2607769952029697
0.5465001751887727
-0.5684209241576911
1.1796196355803346
-0.02466410538890619
0.40340546570931396
0.2376404742053903
-0.4887828569108062
0.08488235545202825
0.3684116764474827
-0.5839475603379845
0.15441434129454748
-0.951930718438667
0.13674116896899144
0.5242696987782015
0.339249240076245
-0.047005613989492406
0.0060358107748116775
-0.5597160624783575
-1.2435267726819093
1.2330011570531885
-0.2895360556632519
-0.4157001326309606
0.7154169859202876
-2.3786168355766537
0.42110552769837467
0.2541635056745743
-0.3162614434028378
-0.6203011469411006
-0.015359921339112613
0.4190676316371953
-0.826415068668864
-0.4522308682514744
-1.2480750945341315
0.597557934502616
0.4390312213373439
-0.42744818232252696
-0.9581633150128768
0.18569963518369972
-0.8706270710289152
0.25461156876565094
-0.21851157847309163
-2.020052092471585
-0.16414631552850265
0.0763904120508986
0.8767429297479854
0.44383017152034193
0.4071706093186771
0.08239500059337758
-0.09609562823548298
1.705607682341541
0.06548692853807954
-0.054056757200515046
-0.08499600408004054
-0.2870951807153168
-1.2272114129500775
0.4597512947954255
0.40887412035174
-0.0328768177277527
-1.5078134304121216
-1.2054831720732484
0.13742696328536433
-0.39720341612007454
0.4280899936905984
-0.9639792398845718
0.06267856609241752
-0.44655031154121466
0.4012363841483095
0.9459999398056992
-0.5582807104241764
0.08148469436329422
0.3339237780471071
1.1926977485476682
-0.48632032639738854
0.7993488862879968
-0.16297630927310094
0.7158492190364036
0.018130666465557905
-2.054434960928553
-0.7535736460006736
0.22344578658148925
0.6895108354248294
0.6990768556359143
0.023649875243540768
0.5078619113851186
-0.032841516349613416
0.7250645526704047
0.45669656565657657
0.13024504249158605
0.7894512704819078
-0.6634313296175067
0.7418825340940138
0.8819849118098022
1.1154330361117002
1.0367206121856745
-0.5466125147977758
-0.8596825948632717
0.808329593543587
0.7660781316354532
0.03741470111344003
-0.6300033188258671
-0.5940685774329575
0.45089124768511335
-0.9974268588246351
-0.11903380879936251
1.8028427719388866
0.5359198331943722
0.37406510156867706
-0.1359341437769118
-0.9351965628325773
-0.28289582799123353
-0.6493288557486439
0.25379365528989933
0.23303750843545487
1.3699172345790267
0.3492133758269056
-0.17698023366265797
0.5163948740687088
-0.38613785729280226
-0.43767796794907177
-0.17900722228068577
0.9628429558904401
0.7530757461569473
0.3952824317056065
0.3148039050704465
-0.9367154740955106
-1.4804288403101769
-1.3416639641808965
-0.8943293252611995
0.1372217707480651
-0.796161261078522
-1.6224917829631427
-0.892037258150362
-0.26911076397467587
0.7201244685999613
0.46378407324928883
0.49057766165788125
0.22674125116711352
0.9666955251519063
-0.42394738785793457
-0.6450504236182704
0.6785472147453314
0.5660304353652024
-0.1099258437600684
-0.24048224681967834
-0.06260868767786332
0.21143034662606494
-0.3085553043363419
0.8630088948246918
0.8623034884261029
-0.8011778984104634
0.15824868901371097
0.3571337681490873
0.742461280048563
0.07952461959428514
0.9723263945697727
-0.22053342664261882
0.0836704771443425
0.1769870033451059
-0.1384867183537024
-1.182255632782101
0.05778318741781423
-0.8588642298320364
0.14739451143106277
0.11981044362690163
0.16094941372381982
-0.8739336582247493
-0.8207602007332983
-0.6511576999163703
0.6606008619474013
1.5881326202613801
0.2269896807761222
-0.2679536917568303
0.613308269395902
1.0812845460739073
0.07087448695083369
-0.1702699216742173
1.0630742120841647
0.5733546467532644
-0.7745272726844367
-0.23256526542589007
-0.7086251509502548
-0.8214726589866279
1.2035123968571213
-0.27778785248465465
-0.4466227968088621
-1.7726591420030042
0.5190771240533508
0.22791231623421837
-0.614474992853315
0.36542442916889484
0.30296633397492617
0.29110632001103376
-0.33366172413209894
0.3056427799689333
-0.34869881406073194
0.3296579392813637
-0.3243078795051333
-0.7429093718755732
0.2262854375615109
-0.6952188921072219
-0.2060711381103184
-0.3033338944185425
-0.18318983258594665
-1.353147994451356
-0.6778543916042238
0.5967907236923357
0.942848852513017
1.223668280733421
-1.109021578150932
0.6009331686846
1.0972145376696674
0.02160490830207893
0.22726360144360047
0.4141602251159568
-0.5605967752135756
-0.2597710029618041
0.039462835956702955
0.12337931374088694
-0.6830774042068041
0.9721944608971359
1.8735886767718455
-0.7507626531698974
-0.732968823909483
0.31633472828940906
0.2504193510560102
0.48441980533384477
0.8863324603006193
0.12895339634946373
0.38193549456988246
-0.38191566864523513
0.815710232800068
-0.020839816927625564
-0.13355645250268233
-0.33372308824336877
-0.11703798511847552
0.38226048931807527
-0.26956391804027163
-1.1939401243083987
-0.4187490758595699
-0.6409267566637951
0.0395114266309996
0.3506373168109684
-0.10574329794300179
-1.4734375928864034
-0.726894086634006
-0.8407184428536196
-0.1182718340942846
0.18068053446946777
-1.286735500448583
0.30818132939877196
-0.3085540221006276
-0.2659088468481568
-1.53709592153796
0.09443946039410475
-0.8748275998902508
-0.9281609435203424
0.02169513691086036
-1.0424296208252544
0.4973160986938236
0.3103089470465528
0.746163114333563
-0.6530236214855097
0.2209061777829147
0.7652578148976333
-0.04060043171589789
1.2723963138121597
-0.3164667191267032
0.9873108290420572
0.3442523400462869
0.835060973116423
-0.8016167261317093
0.9615363725761293
0.6759338628946994
0.6009112140353438
0.11155528561261668
-1.1923762405562084
0.6005795179242474
-0.08738097924907619
-0.16114413304019234
-0.5134556864521381
-0.5427693250771704
0.5243059499734457
0.862426867938047
-0.22302465029004537
0.25698205236715466
0.5276974990122469
-0.5746227684383292
-0.5263799062537845
0.09402512124631932
0.22873822750008543
-0.5896461242852684
0.4995825619353051
-0.4034179882348045
1.1508403203931987
0.8908919107939725
0.47666348926790303
0.9913287878512775
0.37905441755119795
-0.18288862112988166
-0.1695058645677871
-0.4888228977296627
-2.073565458219647
-0.416278591995843
-0.17884148052043583
-0.9583256218165622
-0.16273095644989977
-0.2941406202944694
-0.8710890786420872
-0.4595353149881156
-0.5699681646750314
-0.7004458606021842
0.11344139196324056
0.4604661991419398
-0.6774424795698338
-0.921895236621806
0.07416823394695027
-0.06372574038500696
0.6825520420591129
0.1962155149246667
0.23907586438333292
0.37974540652626193
0.36033748697308365
0.7764651652207327
0.03536038551272651
-0.5333982842258949
-0.5012159861063011
-0.6734023729785612
0.37186876257853674
1.0774278735308909
-0.16360744901185154
0.1995215165930677
0.0004620150637896006
1.3738264834705312
1.0961181132525857
0.8482920198962086
0.5642741762750962
0.5006380861027626
0.7212470589902241
0.022617844484274476
0.21578056725584419
0.7176612733739277
-0.8700612865240402
-0.12163450450031782
0.7775871026430735
-0.606067872028724
-0.7511695650527872
0.5182440836428704
0.985079474671618
-0.04231038133886292
-0.6078630606498566
0.3853320544594599
-0.7951937585829965
-0.3605770769000782
0.3333904351469825
1.046371788005792
0.047781303360147076
0.81976161521203
-0.04795922932080368
0.18262070998901322
-0.44262401634413545
-0.322352089922442
0.9028269109587878
0.18091101327615
-0.6348309799526238
0.4326446604199384
0.004373053205136854
-1.2067701280331167
-0.8820830221462322
0.05897983040531171
1.2845643913905067
0.42113998800840263
0.8499684650052898
-0.13754288405678872
0.5445155202895766
1.188017173582406
-1.1504784624028686
0.3210590063467074
0.7446627206834213
-1.2491050409781628
0.2908390841519656
0.32135074069203273
-0.14338645070834935
0.9374930481334477
0.9978139736133902
0.7465982537166842
-0.5789756072002691
0.6969821674821253
-0.20438484801189633
-0.012379725415606805
-0.07672476096803457
0.5999592769771595
0.6942229817685363
0.07353938576180706
-0.5941420929376915
-0.28291378555684826
0.766686056432985
0.17392913529346354
0.198308729427122
0.414197563865651
0.15130785860283166
0.6044150668523766
-0.5420727816198009
0.3067392765070977
-0.26297361233477684
-0.7987967557479965
-0.3799674191187436
-0.11536383296899747
0.1730137356422641
-1.1204774315097439
0.046857818076386816
0.6261593437202115
